zgoraj
x: -4.4358811378479
y: 3.3039188385009766


spodaj
x: 1.9387037754058838
y: 3.322540283203125
